y
 -0.16118598
  0.77801334
 -2.21645096
 -1.34252529
  0.22695769
 -1.77214546
 -1.60792050
 -0.86009692
  0.06437128
 -0.71261103
  0.34131868
 -1.55697045
  0.73333798
 -1.96676279
 -0.07081900
 -1.36431552
 -1.27030075
 -2.20448150
 -1.27164917
 -2.21963292
 -1.86344109
 -1.62358052
 -0.46331320
 -1.47870041
  0.38442222
 -2.35448052
  0.57546800
 -0.78318287
 -2.73397689
 -0.10918416
 -2.03834219
 -0.32750503
 -1.63205233
  0.90003815
 -0.94798582
 -1.75003967
 -1.09761576
 -1.82713068
 -0.27629606
  0.06967653
 -2.57630036
 -0.28876933
 -1.16960359
 -0.86088126
 -1.90238675
 -1.29826963
 -0.17010780
 -1.31270245
 -0.38384627
  0.74421632
 -1.11485976
 -2.54248117
  1.32368222
 -0.58671361
 -0.13996908
 -1.85932297
 -2.59794903
 -0.75168442
 -0.40732844
 -2.40083032
  1.52517069
  1.41048192
  1.34944258
  2.04900160
  1.93231170
  3.74384630
  1.94964002
  2.67421925
  3.76433281
  3.20527817
  0.32857138
  1.86847737
  1.25522420
  2.03385777
  3.51668202
  2.39800986
  1.55936127
  2.78886905
  0.71929029
  1.40511033
  2.82249118
  1.24504576
  1.90134559
  1.06752446
  1.95204398
  1.49867605
  3.21226430
  1.78839637
  2.61959622
  0.41718895
  3.10850471
  0.64980167
  0.99590710
  1.38768123
  2.92566054
  1.84555017
  0.48084485
  2.30408616
  1.38684377
  0.86081178
  1.43470640
  3.05275818
  1.38064885
  2.74958517
  2.67331630
  1.77808717
  2.15087325
  2.10947144
  3.17154933
  1.57093465
  0.73787370
  2.67314227
  1.95942989
  1.41181520
  1.30454301
  1.56402604
  1.00247589
  0.65992228
  2.31982927
  2.34583366
  1.83705335
  0.10598323
  1.70516902
  1.14747187
 -0.82183136
  3.01729516
  3.24674866
  0.33618683
  1.62746525
  1.03267719
  1.11190497
  0.21856470
  1.46345374
  3.14418121
  2.96173926
  2.64463648
  3.38408710
  2.26653462
  2.65848305
  0.31146598
  2.27436002
  0.27824054
  2.41293726
  4.53761103
  2.66728216
  2.56723039
  3.66302310
  3.93290430
  0.23903535
  1.37852323
  5.34804807
  5.87806616
  5.18210895
  5.55727609
  5.22471505
  4.19313024
  6.06206734
  4.73243469
  5.20631697
  3.30268446
  4.64979922
  4.09165075
  6.69353819
  4.95491995
  4.68839055
  4.76479911
  3.58787314
  4.65145326
  4.90340084
  5.20247838
  4.39655667
  3.78952433
  4.72541272
  4.25641164
  4.43691198
  4.96866059
  4.85282457
  5.20589465
  3.90792264
  4.97278697
  5.00856754
  4.47537704
  4.25096063
  3.86395392
  5.13031063
  5.00895181
  4.96692433
  4.79219367
  6.17586772
  4.85336051
  5.23334442
  5.23667952
  4.38530364
  4.04387603
  5.12613954
  3.37861841
  3.85255162
  5.82807584
  5.36541002
  4.50863799
  6.57141891
  5.43786207
  4.36661619
  6.38584935
  5.35897254
  5.32344873
  5.15663028
  5.96232509
  4.28465659
  5.19551971
  4.06052680
  6.08294872
  4.30601371
  5.97481689
  5.88566919
  4.61600339
  5.73479748
  6.39350501
  5.33202586
  4.73883948
  3.88873158
  5.19325866
  4.69854507
  3.70600108
  5.88869888
  4.71041560
  4.17903500
  6.72561519
  3.70480492
  7.22877628
  5.39561474
  4.88182261
  4.63981432
  5.23785836
  7.02437948
  4.12119716
  4.34127065
  3.07867288
  4.81732301
  4.52109008
  2.06537694
  4.86292409
  3.37838714
  4.58713565
  5.23598192
  5.18909640
  4.34709226
  6.60738507
  5.00393512
  5.17758593
  6.48237764
  5.87998601
  6.92937568
  3.02501521
  5.82133662
  4.91174923
  2.85634680
  3.66741724
  4.48527385
  3.21663668
  4.84599813
  5.28553136
  4.01562502
  4.61985691
  4.72243268
  4.59812351
  6.21479936
  6.79274462
  4.49927923
  4.55162699
  3.33475317
  5.54003993
  5.07196981
  4.16446508
  5.24359132
  5.48534818
  4.90398477
  4.03917381
  7.66136908
  4.84934672
  3.51737133
  5.12046975
  2.63120940
  5.21669865
  5.32596600
  6.5071146
  3.04842175
  5.58519813
  6.01335202
  6.44096092
  6.16044101
  4.54756522
  4.90390648
  4.37347406
  4.42342591
  3.88903284
  4.60721078
  6.36550507
  4.45230253
  5.72475517
